25 35
21 25
25 30
25 38
25 28
23 25
25 36
6 25
24 25
25 32
19 25
21 25
15 25
3 25
10 25
21 35
30 35
35 38
28 35
23 35
35 36
6 35
24 35
32 35
19 35
21 35
15 35
3 35
10 35
11 35
21 30
21 38
21 28
21 23
21 36
6 21
21 24
21 32
19 21
21 21
15 21
3 21
10 21
11 21
1 21
30 38
28 30
23 30
30 36
6 30
24 30
30 32
19 30
21 30
15 30
3 30
10 30
11 30
1 30
14 30
28 38
23 38
36 38
6 38
24 38
32 38
19 38
21 38
15 38
3 38
10 38
11 38
1 38
14 38
33 38
23 28
28 36
6 28
24 28
28 32
19 28
21 28
15 28
3 28
10 28
11 28
1 28
14 28
28 33
21 28
23 36
6 23
23 24
23 32
19 23
21 23
15 23
3 23
10 23
11 23
1 23
14 23
23 33
21 23
23 40
6 36
24 36
32 36
19 36
21 36
15 36
3 36
10 36
11 36
1 36
14 36
33 36
21 36
36 40
36 37
6 24
6 32
6 19
6 21
6 15
3 6
6 10
6 11
1 6
6 14
6 33
6 21
6 40
6 37
6 12
24 32
19 24
21 24
15 24
3 24
10 24
11 24
1 24
14 24
24 33
21 24
24 40
24 37
12 24
13 24
19 32
21 32
15 32
3 32
10 32
11 32
1 32
14 32
32 33
21 32
32 40
32 37
12 32
13 32
27 32
19 21
15 19
3 19
10 19
11 19
1 19
14 19
19 33
19 21
19 40
19 37
12 19
13 19
19 27
4 19
15 21
3 21
10 21
11 21
1 21
14 21
21 33
21 21
21 40
21 37
12 21
13 21
21 27
4 21
21 24
3 15
10 15
11 15
1 15
14 15
15 33
15 21
15 40
15 37
12 15
13 15
15 27
4 15
15 24
15 34
3 10
3 11
1 3
3 14
3 33
3 21
3 40
3 37
3 12
3 13
3 27
3 4
3 24
3 34
3 31
10 11
1 10
10 14
10 33
10 21
10 40
10 37
10 12
10 13
10 27
4 10
10 24
10 34
10 31
10 18
1 11
11 14
11 33
11 21
11 40
11 37
11 12
11 13
11 27
4 11
11 24
11 34
11 31
11 18
11 22
1 14
1 33
1 21
1 40
1 37
1 12
1 13
1 27
1 4
1 24
1 34
1 31
1 18
1 22
1 18
14 33
14 21
14 40
14 37
12 14
13 14
14 27
4 14
14 24
14 34
14 31
14 18
14 22
14 18
14 27
21 33
33 40
33 37
12 33
13 33
27 33
4 33
24 33
33 34
31 33
18 33
22 33
18 33
27 33
21 33
21 40
21 37
12 21
13 21
21 27
4 21
21 24
21 34
21 31
18 21
21 22
18 21
21 27
21 21
1 21
37 40
12 40
13 40
27 40
4 40
24 40
34 40
31 40
18 40
22 40
18 40
27 40
21 40
1 40
27 40
12 37
13 37
27 37
4 37
24 37
34 37
31 37
18 37
22 37
18 37
27 37
21 37
1 37
27 37
9 37
12 13
12 27
4 12
12 24
12 34
12 31
12 18
12 22
12 18
12 27
12 21
1 12
12 27
9 12
2 12
13 27
4 13
13 24
13 34
13 31
13 18
13 22
13 18
13 27
13 21
1 13
13 27
9 13
2 13
13 39
4 27
24 27
27 34
27 31
18 27
22 27
18 27
27 27
21 27
1 27
27 27
9 27
2 27
27 39
27 27
4 24
4 34
4 31
4 18
4 22
4 18
4 27
4 21
1 4
4 27
4 9
2 4
4 39
4 27
4 5
24 34
24 31
18 24
22 24
18 24
24 27
21 24
1 24
24 27
9 24
2 24
24 39
24 27
5 24
2 24
31 34
18 34
22 34
18 34
27 34
21 34
1 34
27 34
9 34
2 34
34 39
27 34
5 34
2 34
4 34
18 31
22 31
18 31
27 31
21 31
1 31
27 31
9 31
2 31
31 39
27 31
5 31
2 31
4 31
26 31
18 22
18 18
18 27
18 21
1 18
18 27
9 18
2 18
18 39
18 27
5 18
2 18
4 18
18 26
18 27
18 22
22 27
21 22
1 22
22 27
9 22
2 22
22 39
22 27
5 22
2 22
4 22
22 26
22 27
8 22
18 27
18 21
1 18
18 27
9 18
2 18
18 39
18 27
5 18
2 18
4 18
18 26
18 27
8 18
18 41
21 27
1 27
27 27
9 27
2 27
27 39
27 27
5 27
2 27
4 27
26 27
27 27
8 27
27 41
25 27
1 21
21 27
9 21
2 21
21 39
21 27
5 21
2 21
4 21
21 26
21 27
8 21
21 41
21 25
21 31
1 27
1 9
1 2
1 39
1 27
1 5
1 2
1 4
1 26
1 27
1 8
1 41
1 25
1 31
1 3
9 27
2 27
27 39
27 27
5 27
2 27
4 27
26 27
27 27
8 27
27 41
25 27
27 31
3 27
16 27
2 9
9 39
9 27
5 9
2 9
4 9
9 26
9 27
8 9
9 41
9 25
9 31
3 9
9 16
9 20
2 39
2 27
2 5
2 2
2 4
2 26
2 27
2 8
2 41
2 25
2 31
2 3
2 16
2 20
2 7
27 39
5 39
2 39
4 39
26 39
27 39
8 39
39 41
25 39
31 39
3 39
16 39
20 39
7 39
29 39
5 27
2 27
4 27
26 27
27 27
8 27
27 41
25 27
27 31
3 27
16 27
20 27
7 27
27 29
17 27
2 5
4 5
5 26
5 27
5 8
5 41
5 25
5 31
3 5
5 16
5 20
5 7
5 29
5 17
2 4
2 26
2 27
2 8
2 41
2 25
2 31
2 3
2 16
2 20
2 7
2 29
2 17
4 26
4 27
4 8
4 41
4 25
4 31
3 4
4 16
4 20
4 7
4 29
4 17
26 27
8 26
26 41
25 26
26 31
3 26
16 26
20 26
7 26
26 29
17 26
8 27
27 41
25 27
27 31
3 27
16 27
20 27
7 27
27 29
17 27
8 41
8 25
8 31
3 8
8 16
8 20
7 8
8 29
8 17
25 41
31 41
3 41
16 41
20 41
7 41
29 41
17 41
25 31
3 25
16 25
20 25
7 25
25 29
17 25
3 31
16 31
20 31
7 31
29 31
17 31
3 16
3 20
3 7
3 29
3 17
16 20
7 16
16 29
16 17
7 20
20 29
17 20
7 29
7 17
17 29
25 60
25 58
25 54
25 47
25 50
25 60
25 62
25 65
25 27
25 46
25 44
25 59
25 64
25 49
25 63
58 60
54 60
47 60
50 60
60 60
60 62
60 65
27 60
46 60
44 60
59 60
60 64
49 60
60 63
27 60
54 58
47 58
50 58
58 60
58 62
58 65
27 58
46 58
44 58
58 59
58 64
49 58
58 63
27 58
47 58
47 54
50 54
54 60
54 62
54 65
27 54
46 54
44 54
54 59
54 64
49 54
54 63
27 54
47 54
54 56
47 50
47 60
47 62
47 65
27 47
46 47
44 47
47 59
47 64
47 49
47 63
27 47
47 47
47 56
45 47
50 60
50 62
50 65
27 50
46 50
44 50
50 59
50 64
49 50
50 63
27 50
47 50
50 56
45 50
42 50
60 62
60 65
27 60
46 60
44 60
59 60
60 64
49 60
60 63
27 60
47 60
56 60
45 60
42 60
50 60
62 65
27 62
46 62
44 62
59 62
62 64
49 62
62 63
27 62
47 62
56 62
45 62
42 62
50 62
24 62
27 65
46 65
44 65
59 65
64 65
49 65
63 65
27 65
47 65
56 65
45 65
42 65
50 65
24 65
21 65
27 46
27 44
27 59
27 64
27 49
27 63
27 27
27 47
27 56
27 45
27 42
27 50
24 27
21 27
27 57
44 46
46 59
46 64
46 49
46 63
27 46
46 47
46 56
45 46
42 46
46 50
24 46
21 46
46 57
27 46
44 59
44 64
44 49
44 63
27 44
44 47
44 56
44 45
42 44
44 50
24 44
21 44
44 57
27 44
44 51
59 64
49 59
59 63
27 59
47 59
56 59
45 59
42 59
50 59
24 59
21 59
57 59
27 59
51 59
59 59
49 64
63 64
27 64
47 64
56 64
45 64
42 64
50 64
24 64
21 64
57 64
27 64
51 64
59 64
64 64
49 63
27 49
47 49
49 56
45 49
42 49
49 50
24 49
21 49
49 57
27 49
49 51
49 59
49 64
49 53
27 63
47 63
56 63
45 63
42 63
50 63
24 63
21 63
57 63
27 63
51 63
59 63
63 64
53 63
48 63
27 47
27 56
27 45
27 42
27 50
24 27
21 27
27 57
27 27
27 51
27 59
27 64
27 53
27 48
27 60
47 56
45 47
42 47
47 50
24 47
21 47
47 57
27 47
47 51
47 59
47 64
47 53
47 48
47 60
43 47
45 56
42 56
50 56
24 56
21 56
56 57
27 56
51 56
56 59
56 64
53 56
48 56
56 60
43 56
31 56
42 45
45 50
24 45
21 45
45 57
27 45
45 51
45 59
45 64
45 53
45 48
45 60
43 45
31 45
45 57
42 50
24 42
21 42
42 57
27 42
42 51
42 59
42 64
42 53
42 48
42 60
42 43
31 42
42 57
42 52
24 50
21 50
50 57
27 50
50 51
50 59
50 64
50 53
48 50
50 60
43 50
31 50
50 57
50 52
50 61
21 24
24 57
24 27
24 51
24 59
24 64
24 53
24 48
24 60
24 43
24 31
24 57
24 52
24 61
24 55
21 57
21 27
21 51
21 59
21 64
21 53
21 48
21 60
21 43
21 31
21 57
21 52
21 61
21 55
21 66
27 57
51 57
57 59
57 64
53 57
48 57
57 60
43 57
31 57
57 57
52 57
57 61
55 57
57 66
27 51
27 59
27 64
27 53
27 48
27 60
27 43
27 31
27 57
27 52
27 61
27 55
27 66
51 59
51 64
51 53
48 51
51 60
43 51
31 51
51 57
51 52
51 61
51 55
51 66
59 64
53 59
48 59
59 60
43 59
31 59
57 59
52 59
59 61
55 59
59 66
53 64
48 64
60 64
43 64
31 64
57 64
52 64
61 64
55 64
64 66
48 53
53 60
43 53
31 53
53 57
52 53
53 61
53 55
53 66
48 60
43 48
31 48
48 57
48 52
48 61
48 55
48 66
43 60
31 60
57 60
52 60
60 61
55 60
60 66
31 43
43 57
43 52
43 61
43 55
43 66
31 57
31 52
31 61
31 55
31 66
52 57
57 61
55 57
57 66
52 61
52 55
52 66
55 61
61 66
55 66
67 83
67 92
67 69
67 70
67 90
67 75
67 85
67 74
67 80
67 84
67 71
67 93
67 77
67 79
67 81
83 92
69 83
70 83
83 90
75 83
83 85
74 83
80 83
83 84
71 83
83 93
77 83
79 83
81 83
83 95
69 92
70 92
90 92
75 92
85 92
74 92
80 92
84 92
71 92
92 93
77 92
79 92
81 92
92 95
92 97
69 70
69 90
69 75
69 85
69 74
69 80
69 84
69 71
69 93
69 77
69 79
69 81
69 95
69 97
69 72
70 90
70 75
70 85
70 74
70 80
70 84
70 71
70 93
70 77
70 79
70 81
70 95
70 97
70 72
70 91
75 90
85 90
74 90
80 90
84 90
71 90
90 93
77 90
79 90
81 90
90 95
90 97
72 90
90 91
90 94
75 85
74 75
75 80
75 84
71 75
75 93
75 77
75 79
75 81
75 95
75 97
72 75
75 91
75 94
75 87
74 85
80 85
84 85
71 85
85 93
77 85
79 85
81 85
85 95
85 97
72 85
85 91
85 94
85 87
78 85
74 80
74 84
71 74
74 93
74 77
74 79
74 81
74 95
74 97
72 74
74 91
74 94
74 87
74 78
74 86
80 84
71 80
80 93
77 80
79 80
80 81
80 95
80 97
72 80
80 91
80 94
80 87
78 80
80 86
80 82
71 84
84 93
77 84
79 84
81 84
84 95
84 97
72 84
84 91
84 94
84 87
78 84
84 86
82 84
84 89
71 93
71 77
71 79
71 81
71 95
71 97
71 72
71 91
71 94
71 87
71 78
71 86
71 82
71 89
71 96
77 93
79 93
81 93
93 95
93 97
72 93
91 93
93 94
87 93
78 93
86 93
82 93
89 93
93 96
85 93
77 79
77 81
77 95
77 97
72 77
77 91
77 94
77 87
77 78
77 86
77 82
77 89
77 96
77 85
77 81
79 81
79 95
79 97
72 79
79 91
79 94
79 87
78 79
79 86
79 82
79 89
79 96
79 85
79 81
73 79
81 95
81 97
72 81
81 91
81 94
81 87
78 81
81 86
81 82
81 89
81 96
81 85
81 81
73 81
76 81
95 97
72 95
91 95
94 95
87 95
78 95
86 95
82 95
89 95
95 96
85 95
81 95
73 95
76 95
90 95
72 97
91 97
94 97
87 97
78 97
86 97
82 97
89 97
96 97
85 97
81 97
73 97
76 97
90 97
88 97
72 91
72 94
72 87
72 78
72 86
72 82
72 89
72 96
72 85
72 81
72 73
72 76
72 90
72 88
68 72
91 94
87 91
78 91
86 91
82 91
89 91
91 96
85 91
81 91
73 91
76 91
90 91
88 91
68 91
91 98
87 94
78 94
86 94
82 94
89 94
94 96
85 94
81 94
73 94
76 94
90 94
88 94
68 94
94 98
87 94
78 87
86 87
82 87
87 89
87 96
85 87
81 87
73 87
76 87
87 90
87 88
68 87
87 98
87 87
78 86
78 82
78 89
78 96
78 85
78 81
73 78
76 78
78 90
78 88
68 78
78 98
78 87
82 86
86 89
86 96
85 86
81 86
73 86
76 86
86 90
86 88
68 86
86 98
86 87
82 89
82 96
82 85
81 82
73 82
76 82
82 90
82 88
68 82
82 98
82 87
89 96
85 89
81 89
73 89
76 89
89 90
88 89
68 89
89 98
87 89
85 96
81 96
73 96
76 96
90 96
88 96
68 96
96 98
87 96
81 85
73 85
76 85
85 90
85 88
68 85
85 98
85 87
73 81
76 81
81 90
81 88
68 81
81 98
81 87
73 76
73 90
73 88
68 73
73 98
73 87
76 90
76 88
68 76
76 98
76 87
88 90
68 90
90 98
87 90
68 88
88 98
87 88
68 98
68 87
87 98
